# rho,Press,Temp,cool,heat,tcool
1e-07, 17.3452, 1.29956e10, 9.66872e-22, 0, 6.42584e22
1.02329e-07, 17.3452, 1.26998e10, 9.45597e-22, 0, 6.2747e22
1.04713e-07, 17.3452, 1.24107e10, 9.24805e-22, 0, 6.12701e22
1.07152e-07, 17.3452, 1.21282e10, 9.04487e-22, 0, 5.98268e22
1.09648e-07, 17.3452, 1.18521e10, 8.84632e-22, 0, 5.84166e22
1.12202e-07, 17.3452, 1.15823e10, 8.65229e-22, 0, 5.70385e22
1.14815e-07, 17.3452, 1.13187e10, 8.46267e-22, 0, 5.56918e22
1.1749e-07, 17.3452, 1.1061e10, 8.27737e-22, 0, 5.43759e22
1.20226e-07, 17.3452, 1.08093e10, 8.09628e-22, 0, 5.309e22
1.23027e-07, 17.3452, 1.05632e10, 7.91932e-22, 0, 5.18335e22
1.25893e-07, 17.3452, 1.03228e10, 7.74639e-22, 0, 5.06057e22
1.28825e-07, 17.3452, 1.00878e10, 7.57739e-22, 0, 4.94059e22
1.31826e-07, 17.3452, 9.85816e09, 7.41224e-22, 0, 4.82336e22
1.34896e-07, 17.3452, 9.63376e09, 7.25085e-22, 0, 4.7088e22
1.38038e-07, 17.3452, 9.41447e09, 7.09313e-22, 0, 4.59685e22
1.41254e-07, 17.3452, 9.20017e09, 6.939e-22, 0, 4.48747e22
1.44544e-07, 17.3452, 8.99075e09, 6.78838e-22, 0, 4.38059e22
1.47911e-07, 17.3452, 8.78609e09, 6.64119e-22, 0, 4.27615e22
1.51356e-07, 17.3452, 8.5861e09, 6.49735e-22, 0, 4.17409e22
1.54882e-07, 17.3452, 8.39065e09, 6.35679e-22, 0, 4.07437e22
1.58489e-07, 17.3452, 8.19966e09, 6.21942e-22, 0, 3.97694e22
1.62181e-07, 17.3452, 8.01301e09, 6.08518e-22, 0, 3.88173e22
1.65959e-07, 17.3452, 7.83061e09, 5.954e-22, 0, 3.7887e22
1.69824e-07, 17.3452, 7.65237e09, 5.8258e-22, 0, 3.6978e22
1.7378e-07, 17.3452, 7.47818e09, 5.70052e-22, 0, 3.60898e22
1.77828e-07, 17.3452, 7.30795e09, 5.57809e-22, 0, 3.52219e22
1.8197e-07, 17.3452, 7.14161e09, 5.45845e-22, 0, 3.43739e22
1.86209e-07, 17.3452, 6.97904e09, 5.34154e-22, 0, 3.35454e22
1.90546e-07, 17.3452, 6.82018e09, 5.22728e-22, 0, 3.27358e22
1.94984e-07, 17.3452, 6.66493e09, 5.11562e-22, 0, 3.19448e22
1.99526e-07, 17.3452, 6.51322e09, 5.00651e-22, 0, 3.11719e22
2.04174e-07, 17.3452, 6.36496e09, 4.89988e-22, 0, 3.04168e22
2.0893e-07, 17.3452, 6.22008e09, 4.79568e-22, 0, 2.9679e22
2.13796e-07, 17.3452, 6.07849e09, 4.69385e-22, 0, 2.89581e22
2.18776e-07, 17.3452, 5.94013e09, 4.59433e-22, 0, 2.82538e22
2.23872e-07, 17.3452, 5.80491e09, 4.49709e-22, 0, 2.75656e22
2.29087e-07, 17.3452, 5.67278e09, 4.40205e-22, 0, 2.68933e22
2.34423e-07, 17.3452, 5.54365e09, 4.30918e-22, 0, 2.62364e22
2.39883e-07, 17.3452, 5.41746e09, 4.21842e-22, 0, 2.55946e22
2.45471e-07, 17.3452, 5.29415e09, 4.12973e-22, 0, 2.49676e22
2.51189e-07, 17.3452, 5.17364e09, 4.04306e-22, 0, 2.4355e22
2.5704e-07, 17.3452, 5.05587e09, 3.95836e-22, 0, 2.37565e22
2.63027e-07, 17.3452, 4.94078e09, 3.87559e-22, 0, 2.31719e22
2.69153e-07, 17.3452, 4.82832e09, 3.7947e-22, 0, 2.26006e22
2.75423e-07, 17.3452, 4.71841e09, 3.71566e-22, 0, 2.20426e22
2.81838e-07, 17.3452, 4.61101e09, 3.63841e-22, 0, 2.14975e22
2.88403e-07, 17.3452, 4.50605e09, 3.56292e-22, 0, 2.09649e22
2.95121e-07, 17.3452, 4.40348e09, 3.48915e-22, 0, 2.04446e22
3.01995e-07, 17.3452, 4.30324e09, 3.41706e-22, 0, 1.99364e22
3.0903e-07, 17.3452, 4.20529e09, 3.34661e-22, 0, 1.94399e22
3.16228e-07, 17.3452, 4.10956e09, 3.27776e-22, 0, 1.89549e22
3.23594e-07, 17.3452, 4.01602e09, 3.21049e-22, 0, 1.84811e22
3.31131e-07, 17.3452, 3.9246e09, 3.14474e-22, 0, 1.80183e22
3.38844e-07, 17.3452, 3.83527e09, 3.08049e-22, 0, 1.75663e22
3.46737e-07, 17.3452, 3.74797e09, 3.0177e-22, 0, 1.71247e22
3.54813e-07, 17.3452, 3.66265e09, 2.95634e-22, 0, 1.66934e22
3.63078e-07, 17.3452, 3.57928e09, 2.89638e-22, 0, 1.62721e22
3.71535e-07, 17.3452, 3.49781e09, 2.83778e-22, 0, 1.58606e22
3.80189e-07, 17.3452, 3.41819e09, 2.78052e-22, 0, 1.54587e22
3.89045e-07, 17.3452, 3.34038e09, 2.72456e-22, 0, 1.50662e22
3.98107e-07, 17.3452, 3.26434e09, 2.66987e-22, 0, 1.46828e22
4.0738e-07, 17.3452, 3.19004e09, 2.61643e-22, 0, 1.43084e22
4.16869e-07, 17.3452, 3.11742e09, 2.5642e-22, 0, 1.39427e22
4.2658e-07, 17.3452, 3.04646e09, 2.51317e-22, 0, 1.35856e22
4.36516e-07, 17.3452, 2.97712e09, 2.46329e-22, 0, 1.32368e22
4.46684e-07, 17.3452, 2.90935e09, 2.41455e-22, 0, 1.28962e22
4.57088e-07, 17.3452, 2.84312e09, 2.36692e-22, 0, 1.25636e22
4.67735e-07, 17.3452, 2.77841e09, 2.32038e-22, 0, 1.22388e22
4.7863e-07, 17.3452, 2.71516e09, 2.27489e-22, 0, 1.19217e22
4.89779e-07, 17.3452, 2.65336e09, 2.23044e-22, 0, 1.1612e22
5.01187e-07, 17.3452, 2.59296e09, 2.187e-22, 0, 1.13097e22
5.12861e-07, 17.3452, 2.53394e09, 2.14455e-22, 0, 1.10144e22
5.24807e-07, 17.3452, 2.47626e09, 2.10307e-22, 0, 1.07262e22
5.37032e-07, 17.3452, 2.41989e09, 2.06253e-22, 0, 1.04448e22
5.49541e-07, 17.3452, 2.36481e09, 2.02291e-22, 0, 1.017e22
5.62341e-07, 17.3452, 2.31098e09, 1.98419e-22, 0, 9.9018e21
5.7544e-07, 17.3452, 2.25837e09, 1.94636e-22, 0, 9.63996e21
5.88844e-07, 17.3452, 2.20697e09, 1.90939e-22, 0, 9.38435e21
6.0256e-07, 17.3452, 2.15673e09, 1.87326e-22, 0, 9.13485e21
6.16595e-07, 17.3452, 2.10764e09, 1.83795e-22, 0, 8.8913e21
6.30957e-07, 17.3452, 2.05966e09, 1.80344e-22, 0, 8.65358e21
6.45654e-07, 17.3452, 2.01278e09, 1.76972e-22, 0, 8.42157e21
6.60693e-07, 17.3452, 1.96696e09, 1.73677e-22, 0, 8.19513e21
6.76083e-07, 17.3452, 1.92219e09, 1.70457e-22, 0, 7.97413e21
6.91831e-07, 17.3452, 1.87843e09, 1.6731e-22, 0, 7.75847e21
7.07946e-07, 17.3452, 1.83568e09, 1.64235e-22, 0, 7.54802e21
7.24436e-07, 17.3452, 1.79389e09, 1.6123e-22, 0, 7.34266e21
7.4131e-07, 17.3452, 1.75306e09, 1.58293e-22, 0, 7.14229e21
7.58578e-07, 17.3452, 1.71315e09, 1.55423e-22, 0, 6.94678e21
7.76247e-07, 17.3452, 1.67416e09, 1.52618e-22, 0, 6.75604e21
7.94328e-07, 17.3452, 1.63605e09, 1.49877e-22, 0, 6.56995e21
8.12831e-07, 17.3452, 1.59881e09, 1.47199e-22, 0, 6.38842e21
8.31764e-07, 17.3452, 1.56241e09, 1.44582e-22, 0, 6.21135e21
8.51138e-07, 17.3452, 1.52685e09, 1.42024e-22, 0, 6.03862e21
8.70964e-07, 17.3452, 1.49209e09, 1.39524e-22, 0, 5.87016e21
8.91251e-07, 17.3452, 1.45813e09, 1.37081e-22, 0, 5.70585e21
9.12011e-07, 17.3452, 1.42494e09, 1.34694e-22, 0, 5.54562e21
9.33254e-07, 17.3452, 1.3925e09, 1.32361e-22, 0, 5.38936e21
9.54993e-07, 17.3452, 1.3608e09, 1.30082e-22, 0, 5.237e21
9.77237e-07, 17.3452, 1.32983e09, 1.27854e-22, 0, 5.08844e21
1e-06, 17.3452, 1.29956e09, 1.25677e-22, 0, 4.94361e21
1.02329e-06, 17.3452, 1.26998e09, 1.23549e-22, 0, 4.80241e21
1.04713e-06, 17.3452, 1.24107e09, 1.2147e-22, 0, 4.66476e21
1.07152e-06, 17.3452, 1.21282e09, 1.19438e-22, 0, 4.5306e21
1.09648e-06, 17.3452, 1.18521e09, 1.17453e-22, 0, 4.39983e21
1.12202e-06, 17.3452, 1.15823e09, 1.15512e-22, 0, 4.27238e21
1.14815e-06, 17.3452, 1.13187e09, 1.13616e-22, 0, 4.14819e21
1.1749e-06, 17.3452, 1.1061e09, 1.11763e-22, 0, 4.02717e21
1.20226e-06, 17.3452, 1.08093e09, 1.09952e-22, 0, 3.90926e21
1.23027e-06, 17.3452, 1.05632e09, 1.08183e-22, 0, 3.79438e21
1.25893e-06, 17.3452, 1.03228e09, 1.06453e-22, 0, 3.68247e21
1.28825e-06, 17.3452, 1.00878e09, 1.04763e-22, 0, 3.57346e21
1.31826e-06, 17.3452, 9.85816e08, 1.03112e-22, 0, 3.46729e21
1.34896e-06, 17.3452, 9.63376e08, 1.01498e-22, 0, 3.36389e21
1.38038e-06, 17.3452, 9.41447e08, 9.99208e-23, 0, 3.26319e21
1.41254e-06, 17.3452, 9.20017e08, 9.83795e-23, 0, 3.16515e21
1.44544e-06, 17.3452, 8.99075e08, 9.68733e-23, 0, 3.06969e21
1.47911e-06, 17.3452, 8.78609e08, 9.54014e-23, 0, 2.97676e21
1.51356e-06, 17.3452, 8.5861e08, 9.3963e-23, 0, 2.8863e21
1.54882e-06, 17.3452, 8.39065e08, 9.25573e-23, 0, 2.79826e21
1.58489e-06, 17.3452, 8.19966e08, 9.11837e-23, 0, 2.71257e21
1.62181e-06, 17.3452, 8.01301e08, 8.98413e-23, 0, 2.62919e21
1.65959e-06, 17.3452, 7.83061e08, 8.85295e-23, 0, 2.54807e21
1.69824e-06, 17.3452, 7.65237e08, 8.72475e-23, 0, 2.46914e21
1.7378e-06, 17.3452, 7.47818e08, 8.59947e-23, 0, 2.39236e21
1.77828e-06, 17.3452, 7.30795e08, 8.47704e-23, 0, 2.31768e21
1.8197e-06, 17.3452, 7.14161e08, 8.3574e-23, 0, 2.24506e21
1.86209e-06, 17.3452, 6.97904e08, 8.24048e-23, 0, 2.17443e21
1.90546e-06, 17.3452, 6.82018e08, 8.12623e-23, 0, 2.10576e21
1.94984e-06, 17.3452, 6.66493e08, 8.01457e-23, 0, 2.03901e21
1.99526e-06, 17.3452, 6.51322e08, 7.90546e-23, 0, 1.97411e21
2.04174e-06, 17.3452, 6.36496e08, 7.79883e-23, 0, 1.91104e21
2.0893e-06, 17.3452, 6.22008e08, 7.69462e-23, 0, 1.84974e21
2.13796e-06, 17.3452, 6.07849e08, 7.59279e-23, 0, 1.79018e21
2.18776e-06, 17.3452, 5.94013e08, 7.49328e-23, 0, 1.73231e21
2.23872e-06, 17.3452, 5.80491e08, 7.39603e-23, 0, 1.6761e21
2.29087e-06, 17.3452, 5.67278e08, 7.301e-23, 0, 1.6215e21
2.34423e-06, 17.3452, 5.54365e08, 7.20813e-23, 0, 1.56847e21
2.39883e-06, 17.3452, 5.41746e08, 7.11737e-23, 0, 1.51698e21
2.45471e-06, 17.3452, 5.29415e08, 7.02868e-23, 0, 1.46698e21
2.51189e-06, 17.3452, 5.17364e08, 6.94201e-23, 0, 1.41845e21
2.5704e-06, 17.3452, 5.05587e08, 6.85731e-23, 0, 1.37134e21
2.63027e-06, 17.3452, 4.94078e08, 6.77454e-23, 0, 1.32562e21
2.69153e-06, 17.3452, 4.82832e08, 6.69365e-23, 0, 1.28126e21
2.75423e-06, 17.3452, 4.71841e08, 6.6146e-23, 0, 1.23821e21
2.81838e-06, 17.3452, 4.61101e08, 6.53736e-23, 0, 1.19646e21
2.88403e-06, 17.3452, 4.50605e08, 6.46187e-23, 0, 1.15595e21
2.95121e-06, 17.3452, 4.40348e08, 6.3881e-23, 0, 1.11668e21
3.01995e-06, 17.3452, 4.30324e08, 6.31601e-23, 0, 1.07859e21
3.0903e-06, 17.3452, 4.20529e08, 6.24556e-23, 0, 1.04166e21
3.16228e-06, 17.3452, 4.10956e08, 6.17671e-23, 0, 1.00587e21
3.23594e-06, 17.3452, 4.01602e08, 6.10943e-23, 0, 9.71176e20
3.31131e-06, 17.3452, 3.9246e08, 6.04369e-23, 0, 9.37555e20
3.38844e-06, 17.3452, 3.83527e08, 5.97943e-23, 0, 9.04979e20
3.46737e-06, 17.3452, 3.74797e08, 5.91665e-23, 0, 8.7342e20
3.54813e-06, 17.3452, 3.66265e08, 5.85529e-23, 0, 8.4285e20
3.63078e-06, 17.3452, 3.57928e08, 5.79532e-23, 0, 8.13244e20
3.71535e-06, 17.3452, 3.49781e08, 5.73673e-23, 0, 7.84575e20
3.80189e-06, 17.3452, 3.41819e08, 5.67946e-23, 0, 7.56818e20
3.89045e-06, 17.3452, 3.34038e08, 5.6235e-23, 0, 7.29948e20
3.98107e-06, 17.3452, 3.26434e08, 5.56882e-23, 0, 7.0394e20
4.0738e-06, 17.3452, 3.19004e08, 5.51537e-23, 0, 6.78772e20
4.16869e-06, 17.3452, 3.11742e08, 5.46408e-23, 0, 6.54307e20
4.2658e-06, 17.3452, 3.04646e08, 5.41393e-23, 0, 6.30646e20
4.36516e-06, 17.3452, 2.97712e08, 5.3643e-23, 0, 6.07835e20
4.46684e-06, 17.3452, 2.90935e08, 5.31512e-23, 0, 5.85849e20
4.57088e-06, 17.3452, 2.84312e08, 5.26639e-23, 0, 5.64658e20
4.67735e-06, 17.3452, 2.77841e08, 5.21811e-23, 0, 5.44234e20
4.7863e-06, 17.3452, 2.71516e08, 5.17027e-23, 0, 5.24549e20
4.89779e-06, 17.3452, 2.65336e08, 5.12287e-23, 0, 5.05575e20
5.01187e-06, 17.3452, 2.59296e08, 5.0759e-23, 0, 4.87288e20
5.12861e-06, 17.3452, 2.53394e08, 5.02936e-23, 0, 4.69662e20
5.24807e-06, 17.3452, 2.47626e08, 4.98325e-23, 0, 4.52674e20
5.37032e-06, 17.3452, 2.41989e08, 4.93757e-23, 0, 4.363e20
5.49541e-06, 17.3452, 2.36481e08, 4.8923e-23, 0, 4.20519e20
5.62341e-06, 17.3452, 2.31098e08, 4.84745e-23, 0, 4.05308e20
5.7544e-06, 17.3452, 2.25837e08, 4.803e-23, 0, 3.90648e20
5.88844e-06, 17.3452, 2.20697e08, 4.75897e-23, 0, 3.76518e20
6.0256e-06, 17.3452, 2.15673e08, 4.71534e-23, 0, 3.62899e20
6.16595e-06, 17.3452, 2.10764e08, 4.67211e-23, 0, 3.49773e20
6.30957e-06, 17.3452, 2.05966e08, 4.62927e-23, 0, 3.37121e20
6.45654e-06, 17.3452, 2.01278e08, 4.58683e-23, 0, 3.24927e20
6.60693e-06, 17.3452, 1.96696e08, 4.54478e-23, 0, 3.13174e20
6.76083e-06, 17.3452, 1.92219e08, 4.50311e-23, 0, 3.01846e20
6.91831e-06, 17.3452, 1.87843e08, 4.46183e-23, 0, 2.90928e20
7.07946e-06, 17.3452, 1.83568e08, 4.42092e-23, 0, 2.80405e20
7.24436e-06, 17.3452, 1.79389e08, 4.38039e-23, 0, 2.70262e20
7.4131e-06, 17.3452, 1.75306e08, 4.34023e-23, 0, 2.60487e20
7.58578e-06, 17.3452, 1.71315e08, 4.30044e-23, 0, 2.51065e20
7.76247e-06, 17.3452, 1.67416e08, 4.26101e-23, 0, 2.41983e20
7.94328e-06, 17.3452, 1.63605e08, 4.22195e-23, 0, 2.33231e20
8.12831e-06, 17.3452, 1.59881e08, 4.18324e-23, 0, 2.24795e20
8.31764e-06, 17.3452, 1.56241e08, 4.14489e-23, 0, 2.16663e20
8.51138e-06, 17.3452, 1.52685e08, 4.10689e-23, 0, 2.08827e20
8.70964e-06, 17.3452, 1.49209e08, 4.06924e-23, 0, 2.01273e20
8.91251e-06, 17.3452, 1.45813e08, 4.03193e-23, 0, 1.93993e20
9.12011e-06, 17.3452, 1.42494e08, 3.99496e-23, 0, 1.86976e20
9.33254e-06, 17.3452, 1.3925e08, 3.95834e-23, 0, 1.80213e20
9.54993e-06, 17.3452, 1.3608e08, 3.92205e-23, 0, 1.73694e20
9.77237e-06, 17.3452, 1.32983e08, 3.88609e-23, 0, 1.67412e20
1e-05, 17.3452, 1.29956e08, 3.85046e-23, 0, 1.61356e20
1.02329e-05, 17.3452, 1.26998e08, 3.81516e-23, 0, 1.5552e20
1.04713e-05, 17.3452, 1.24107e08, 3.78018e-23, 0, 1.49894e20
1.07152e-05, 17.3452, 1.21282e08, 3.74553e-23, 0, 1.44473e20
1.09648e-05, 17.3452, 1.18521e08, 3.71119e-23, 0, 1.39247e20
1.12202e-05, 17.3452, 1.15823e08, 3.67716e-23, 0, 1.3421e20
1.14815e-05, 17.3452, 1.13187e08, 3.64345e-23, 0, 1.29356e20
1.1749e-05, 17.3452, 1.1061e08, 3.61005e-23, 0, 1.24677e20
1.20226e-05, 17.3452, 1.08093e08, 3.57695e-23, 0, 1.20167e20
1.23027e-05, 17.3452, 1.05632e08, 3.54416e-23, 0, 1.15821e20
1.25893e-05, 17.3452, 1.03228e08, 3.51166e-23, 0, 1.11631e20
1.28825e-05, 17.3452, 1.00878e08, 3.47947e-23, 0, 1.07593e20
1.31826e-05, 17.3452, 9.85816e07, 3.44757e-23, 0, 1.03702e20
1.34896e-05, 17.3452, 9.63376e07, 3.41596e-23, 0, 9.99507e19
1.38038e-05, 17.3452, 9.41447e07, 3.38464e-23, 0, 9.63354e19
1.41254e-05, 17.3452, 9.20017e07, 3.35361e-23, 0, 9.28508e19
1.44544e-05, 17.3452, 8.99075e07, 3.32287e-23, 0, 8.94923e19
1.47911e-05, 17.3452, 8.78609e07, 3.30229e-23, 0, 8.5997e19
1.51356e-05, 17.3452, 8.5861e07, 3.28667e-23, 0, 8.25169e19
1.54882e-05, 17.3452, 8.39065e07, 3.27157e-23, 0, 7.91668e19
1.58489e-05, 17.3452, 8.19966e07, 3.25653e-23, 0, 7.59527e19
1.62181e-05, 17.3452, 8.01301e07, 3.24157e-23, 0, 7.2869e19
1.65959e-05, 17.3452, 7.83061e07, 3.21701e-23, 0, 7.01206e19
1.69824e-05, 17.3452, 7.65237e07, 3.18796e-23, 0, 6.75749e19
1.7378e-05, 17.3452, 7.47818e07, 3.15873e-23, 0, 6.51307e19
1.77828e-05, 17.3452, 7.30795e07, 3.12977e-23, 0, 6.27749e19
1.8197e-05, 17.3452, 7.14161e07, 3.10108e-23, 0, 6.05042e19
1.86209e-05, 17.3452, 6.97904e07, 3.07265e-23, 0, 5.83157e19
1.90546e-05, 17.3452, 6.82018e07, 3.04448e-23, 0, 5.62064e19
1.94984e-05, 17.3452, 6.66493e07, 3.01657e-23, 0, 5.41733e19
1.99526e-05, 17.3452, 6.51322e07, 2.98891e-23, 0, 5.22138e19
2.04174e-05, 17.3452, 6.36496e07, 2.96151e-23, 0, 5.03252e19
2.0893e-05, 17.3452, 6.22008e07, 2.94317e-23, 0, 4.83596e19
2.13796e-05, 17.3452, 6.07849e07, 2.92924e-23, 0, 4.64027e19
2.18776e-05, 17.3452, 5.94013e07, 2.91579e-23, 0, 4.45188e19
2.23872e-05, 17.3452, 5.80491e07, 2.90239e-23, 0, 4.27113e19
2.29087e-05, 17.3452, 5.67278e07, 2.88905e-23, 0, 4.09773e19
2.34423e-05, 17.3452, 5.54365e07, 2.86717e-23, 0, 3.94317e19
2.39883e-05, 17.3452, 5.41746e07, 2.84127e-23, 0, 3.80002e19
2.45471e-05, 17.3452, 5.29415e07, 2.81522e-23, 0, 3.66257e19
2.51189e-05, 17.3452, 5.17364e07, 2.78941e-23, 0, 3.53009e19
2.5704e-05, 17.3452, 5.05587e07, 2.76384e-23, 0, 3.4024e19
2.63027e-05, 17.3452, 4.94078e07, 2.74673e-23, 0, 3.26951e19
2.69153e-05, 17.3452, 4.82832e07, 2.73373e-23, 0, 3.13721e19
2.75423e-05, 17.3452, 4.71841e07, 2.72117e-23, 0, 3.00984e19
2.81838e-05, 17.3452, 4.61101e07, 2.70867e-23, 0, 2.88764e19
2.88403e-05, 17.3452, 4.50605e07, 2.69622e-23, 0, 2.7704e19
2.95121e-05, 17.3452, 4.40348e07, 2.67579e-23, 0, 2.66591e19
3.01995e-05, 17.3452, 4.30324e07, 2.65163e-23, 0, 2.56913e19
3.0903e-05, 17.3452, 4.20529e07, 2.62732e-23, 0, 2.4762e19
3.16228e-05, 17.3452, 4.10956e07, 2.60323e-23, 0, 2.38663e19
3.23594e-05, 17.3452, 4.01602e07, 2.57937e-23, 0, 2.30031e19
3.31131e-05, 17.3452, 3.9246e07, 2.56339e-23, 0, 2.21046e19
3.38844e-05, 17.3452, 3.83527e07, 2.55127e-23, 0, 2.12101e19
3.46737e-05, 17.3452, 3.74797e07, 2.53954e-23, 0, 2.0349e19
3.54813e-05, 17.3452, 3.66265e07, 2.52787e-23, 0, 1.95228e19
3.63078e-05, 17.3452, 3.57928e07, 2.51626e-23, 0, 1.87302e19
3.71535e-05, 17.3452, 3.49781e07, 2.51223e-23, 0, 1.79159e19
3.80189e-05, 17.3452, 3.41819e07, 2.51189e-23, 0, 1.71119e19
3.89045e-05, 17.3452, 3.34038e07, 2.51189e-23, 0, 1.63418e19
3.98107e-05, 17.3452, 3.26434e07, 2.51189e-23, 0, 1.56063e19
4.0738e-05, 17.3452, 3.19004e07, 2.51189e-23, 0, 1.49039e19
4.16869e-05, 17.3452, 3.11742e07, 2.50435e-23, 0, 1.42759e19
4.2658e-05, 17.3452, 3.04646e07, 2.49319e-23, 0, 1.36944e19
4.36516e-05, 17.3452, 2.97712e07, 2.48174e-23, 0, 1.31384e19
4.46684e-05, 17.3452, 2.90935e07, 2.47033e-23, 0, 1.2605e19
4.57088e-05, 17.3452, 2.84312e07, 2.45898e-23, 0, 1.20933e19
4.67735e-05, 17.3452, 2.77841e07, 2.45505e-23, 0, 1.15675e19
4.7863e-05, 17.3452, 2.71516e07, 2.45471e-23, 0, 1.10484e19
4.89779e-05, 17.3452, 2.65336e07, 2.45471e-23, 0, 1.05511e19
5.01187e-05, 17.3452, 2.59296e07, 2.45471e-23, 0, 1.00762e19
5.12861e-05, 17.3452, 2.53394e07, 2.45471e-23, 0, 9.62274e18
5.24807e-05, 17.3452, 2.47626e07, 2.45471e-23, 0, 9.18964e18
5.37032e-05, 17.3452, 2.41989e07, 2.45471e-23, 0, 8.77604e18
5.49541e-05, 17.3452, 2.36481e07, 2.45471e-23, 0, 8.38105e18
5.62341e-05, 17.3452, 2.31098e07, 2.45471e-23, 0, 8.00384e18
5.7544e-05, 17.3452, 2.25837e07, 2.45471e-23, 0, 7.64361e18
5.88844e-05, 17.3452, 2.20697e07, 2.4621e-23, 0, 7.27768e18
6.0256e-05, 17.3452, 2.15673e07, 2.47313e-23, 0, 6.91914e18
6.16595e-05, 17.3452, 2.10764e07, 2.48454e-23, 0, 6.57737e18
6.30957e-05, 17.3452, 2.05966e07, 2.49601e-23, 0, 6.25248e18
6.45654e-05, 17.3452, 2.01278e07, 2.50753e-23, 0, 5.94364e18
6.60693e-05, 17.3452, 1.96696e07, 2.5267e-23, 0, 5.63307e18
6.76083e-05, 17.3452, 1.92219e07, 2.54973e-23, 0, 5.33095e18
6.91831e-05, 17.3452, 1.87843e07, 2.57332e-23, 0, 5.04434e18
7.07946e-05, 17.3452, 1.83568e07, 2.59713e-23, 0, 4.77314e18
7.24436e-05, 17.3452, 1.79389e07, 2.62116e-23, 0, 4.51652e18
7.4131e-05, 17.3452, 1.75306e07, 2.64542e-23, 0, 4.2737e18
7.58578e-05, 17.3452, 1.71315e07, 2.6699e-23, 0, 4.04394e18
7.76247e-05, 17.3452, 1.67416e07, 2.6946e-23, 0, 3.82652e18
7.94328e-05, 17.3452, 1.63605e07, 2.71953e-23, 0, 3.6208e18
8.12831e-05, 17.3452, 1.59881e07, 2.7447e-23, 0, 3.42613e18
8.31764e-05, 17.3452, 1.56241e07, 2.77845e-23, 0, 3.23218e18
8.51138e-05, 17.3452, 1.52685e07, 2.81672e-23, 0, 3.04477e18
8.70964e-05, 17.3452, 1.49209e07, 2.85591e-23, 0, 2.86784e18
8.91251e-05, 17.3452, 1.45813e07, 2.89564e-23, 0, 2.70119e18
9.12011e-05, 17.3452, 1.42494e07, 2.93592e-23, 0, 2.54422e18
9.33254e-05, 17.3452, 1.3925e07, 2.98576e-23, 0, 2.38915e18
9.54993e-05, 17.3452, 1.3608e07, 3.04085e-23, 0, 2.24028e18
9.77237e-05, 17.3452, 1.32983e07, 3.09739e-23, 0, 2.1004e18
0.0001, 17.3452, 1.29956e07, 3.15497e-23, 0, 1.96926e18
0.000102329, 17.3452, 1.26998e07, 3.21363e-23, 0, 1.8463e18
0.000104713, 17.3452, 1.24107e07, 3.26351e-23, 0, 1.73626e18
0.000107152, 17.3452, 1.21282e07, 3.30936e-23, 0, 1.63514e18
0.000109648, 17.3452, 1.18521e07, 3.3554e-23, 0, 1.54012e18
0.000112202, 17.3452, 1.15823e07, 3.40208e-23, 0, 1.45062e18
0.000114815, 17.3452, 1.13187e07, 3.4494e-23, 0, 1.36633e18
0.00011749, 17.3452, 1.1061e07, 3.47638e-23, 0, 1.29471e18
0.000120226, 17.3452, 1.08093e07, 3.49338e-23, 0, 1.23042e18
0.000123027, 17.3452, 1.05632e07, 3.50951e-23, 0, 1.16964e18
0.000125893, 17.3452, 1.03228e07, 3.52571e-23, 0, 1.11187e18
0.000128825, 17.3452, 1.00878e07, 3.54198e-23, 0, 1.05695e18
0.000131826, 17.3452, 9.85816e06, 3.54765e-23, 0, 1.00776e18
0.000134896, 17.3452, 9.63376e06, 3.54813e-23, 0, 9.62274e17
0.000138038, 17.3452, 9.41447e06, 3.54813e-23, 0, 9.18964e17
0.000141254, 17.3452, 9.20017e06, 3.54813e-23, 0, 8.77604e17
0.000144544, 17.3452, 8.99075e06, 3.54813e-23, 0, 8.38105e17
0.000147911, 17.3452, 8.78609e06, 3.53749e-23, 0, 8.02792e17
0.000151356, 17.3452, 8.5861e06, 3.52173e-23, 0, 7.70093e17
0.000154882, 17.3452, 8.39065e06, 3.50555e-23, 0, 7.38828e17
0.000158489, 17.3452, 8.19966e06, 3.48944e-23, 0, 7.08832e17
0.000162181, 17.3452, 8.01301e06, 3.47341e-23, 0, 6.80053e17
0.000165959, 17.3452, 7.83061e06, 3.44709e-23, 0, 6.54404e17
0.000169824, 17.3452, 7.65237e06, 3.41596e-23, 0, 6.30646e17
0.00017378, 17.3452, 7.47818e06, 3.38464e-23, 0, 6.07835e17
0.000177828, 17.3452, 7.30795e06, 3.35361e-23, 0, 5.85849e17
0.00018197, 17.3452, 7.14161e06, 3.32287e-23, 0, 5.64658e17
0.000186209, 17.3452, 6.97904e06, 3.31222e-23, 0, 5.40977e17
0.000190546, 17.3452, 6.82018e06, 3.31131e-23, 0, 5.16772e17
0.000194984, 17.3452, 6.66493e06, 3.31131e-23, 0, 4.93513e17
0.000199526, 17.3452, 6.51322e06, 3.31131e-23, 0, 4.71301e17
0.000204174, 17.3452, 6.36496e06, 3.31131e-23, 0, 4.50089e17
0.00020893, 17.3452, 6.22008e06, 3.33129e-23, 0, 4.27254e17
0.000213796, 17.3452, 6.07849e06, 3.3612e-23, 0, 4.04394e17
0.000218776, 17.3452, 5.94013e06, 3.3923e-23, 0, 3.82652e17
0.000223872, 17.3452, 5.80491e06, 3.42369e-23, 0, 3.6208e17
0.000229087, 17.3452, 5.67278e06, 3.45537e-23, 0, 3.42613e17
0.000234423, 17.3452, 5.54365e06, 3.48734e-23, 0, 3.24194e17
0.000239883, 17.3452, 5.41746e06, 3.51961e-23, 0, 3.06764e17
0.000245471, 17.3452, 5.29415e06, 3.55217e-23, 0, 2.90272e17
0.000251189, 17.3452, 5.17364e06, 3.58504e-23, 0, 2.74666e17
0.00025704, 17.3452, 5.05587e06, 3.61821e-23, 0, 2.59899e17
0.000263027, 17.3452, 4.94078e06, 3.66272e-23, 0, 2.45186e17
0.000269153, 17.3452, 4.82832e06, 3.71316e-23, 0, 2.30969e17
0.000275423, 17.3452, 4.71841e06, 3.76482e-23, 0, 2.17548e17
0.000281838, 17.3452, 4.61101e06, 3.81719e-23, 0, 2.04906e17
0.000288403, 17.3452, 4.50605e06, 3.87029e-23, 0, 1.92999e17
0.000295121, 17.3452, 4.40348e06, 3.92414e-23, 0, 1.81784e17
0.000301995, 17.3452, 4.30324e06, 3.97873e-23, 0, 1.7122e17
0.00030903, 17.3452, 4.20529e06, 4.03408e-23, 0, 1.6127e17
0.000316228, 17.3452, 4.10956e06, 4.0902e-23, 0, 1.51899e17
0.000323594, 17.3452, 4.01602e06, 4.1471e-23, 0, 1.43072e17
0.000331131, 17.3452, 3.9246e06, 4.20479e-23, 0, 1.34758e17
0.000338844, 17.3452, 3.83527e06, 4.26328e-23, 0, 1.26927e17
0.000346737, 17.3452, 3.74797e06, 4.32259e-23, 0, 1.19551e17
0.000354813, 17.3452, 3.66265e06, 4.38272e-23, 0, 1.12604e17
0.000363078, 17.3452, 3.57928e06, 4.44369e-23, 0, 1.06061e17
0.000371535, 17.3452, 3.49781e06, 4.50551e-23, 0, 9.98975e16
0.000380189, 17.3452, 3.41819e06, 4.56819e-23, 0, 9.40924e16
0.000389045, 17.3452, 3.34038e06, 4.63174e-23, 0, 8.86247e16
0.000398107, 17.3452, 3.26434e06, 4.69617e-23, 0, 8.34747e16
0.00040738, 17.3452, 3.19004e06, 4.7615e-23, 0, 7.86239e16
0.000416869, 17.3452, 3.11742e06, 4.85698e-23, 0, 7.36092e16
0.00042658, 17.3452, 3.04646e06, 4.96877e-23, 0, 6.87147e16
0.000436516, 17.3452, 2.97712e06, 5.08451e-23, 0, 6.41283e16
0.000446684, 17.3452, 2.90935e06, 5.20294e-23, 0, 5.9848e16
0.000457088, 17.3452, 2.84312e06, 5.32413e-23, 0, 5.58534e16
0.000467735, 17.3452, 2.77841e06, 5.49786e-23, 0, 5.16541e16
0.00047863, 17.3452, 2.71516e06, 5.7019e-23, 0, 4.75641e16
0.000489779, 17.3452, 2.65336e06, 5.91588e-23, 0, 4.37803e16
0.000501187, 17.3452, 2.59296e06, 6.1379e-23, 0, 4.02976e16
0.000512861, 17.3452, 2.53394e06, 6.36824e-23, 0, 3.70919e16
0.000524807, 17.3452, 2.47626e06, 6.66774e-23, 0, 3.38314e16
0.000537032, 17.3452, 2.41989e06, 7.01142e-23, 0, 3.0725e16
0.000549541, 17.3452, 2.36481e06, 7.37575e-23, 0, 2.78928e16
0.000562341, 17.3452, 2.31098e06, 7.75901e-23, 0, 2.53217e16
0.00057544, 17.3452, 2.25837e06, 8.16218e-23, 0, 2.29875e16
0.000588844, 17.3452, 2.20697e06, 8.6388e-23, 0, 2.07417e16
0.00060256, 17.3452, 2.15673e06, 9.16936e-23, 0, 1.86621e16
0.000616595, 17.3452, 2.10764e06, 9.73507e-23, 0, 1.67865e16
0.000630957, 17.3452, 2.05966e06, 1.03357e-22, 0, 1.50994e16
0.000645654, 17.3452, 2.01278e06, 1.09733e-22, 0, 1.35819e16
0.000660693, 17.3452, 1.96696e06, 1.15443e-22, 0, 1.2329e16
0.000676083, 17.3452, 1.92219e06, 1.20932e-22, 0, 1.12397e16
0.000691831, 17.3452, 1.87843e06, 1.26632e-22, 0, 1.02508e16
0.000707946, 17.3452, 1.83568e06, 1.326e-22, 0, 9.34881e15
0.000724436, 17.3452, 1.79389e06, 1.38849e-22, 0, 8.52622e15
0.00074131, 17.3452, 1.75306e06, 1.42341e-22, 0, 7.94269e15
0.000758578, 17.3452, 1.71315e06, 1.44459e-22, 0, 7.47403e15
0.000776247, 17.3452, 1.67416e06, 1.46468e-22, 0, 7.03971e15
0.000794328, 17.3452, 1.63605e06, 1.48506e-22, 0, 6.63063e15
0.000812831, 17.3452, 1.59881e06, 1.50572e-22, 0, 6.24532e15
0.000831764, 17.3452, 1.56241e06, 1.51294e-22, 0, 5.93578e15
0.000851138, 17.3452, 1.52685e06, 1.51356e-22, 0, 5.66629e15
0.000870964, 17.3452, 1.49209e06, 1.51356e-22, 0, 5.41126e15
0.000891251, 17.3452, 1.45813e06, 1.51356e-22, 0, 5.16772e15
0.000912011, 17.3452, 1.42494e06, 1.51356e-22, 0, 4.93513e15
0.000933254, 17.3452, 1.3925e06, 1.50902e-22, 0, 4.72719e15
0.000954993, 17.3452, 1.3608e06, 1.5023e-22, 0, 4.53464e15
0.000977237, 17.3452, 1.32983e06, 1.49539e-22, 0, 4.35054e15
0.001, 17.3452, 1.29956e06, 1.48852e-22, 0, 4.17391e15
0.00102329, 17.3452, 1.26998e06, 1.48168e-22, 0, 4.00445e15
0.00104713, 17.3452, 1.24107e06, 1.47488e-22, 0, 3.84187e15
0.00107152, 17.3452, 1.21282e06, 1.4681e-22, 0, 3.6859e15
0.00109648, 17.3452, 1.18521e06, 1.46135e-22, 0, 3.53625e15
0.00112202, 17.3452, 1.15823e06, 1.45464e-22, 0, 3.39268e15
0.00114815, 17.3452, 1.13187e06, 1.44796e-22, 0, 3.25494e15
0.0011749, 17.3452, 1.1061e06, 1.44564e-22, 0, 3.11343e15
0.00120226, 17.3452, 1.08093e06, 1.44544e-22, 0, 2.97371e15
0.00123027, 17.3452, 1.05632e06, 1.44544e-22, 0, 2.83987e15
0.00125893, 17.3452, 1.03228e06, 1.44544e-22, 0, 2.71206e15
0.00128825, 17.3452, 1.00878e06, 1.44544e-22, 0, 2.58999e15
0.00131826, 17.3452, 985816, 1.44979e-22, 0, 2.466e15
0.00134896, 17.3452, 963376, 1.45628e-22, 0, 2.34451e15
0.00138038, 17.3452, 941447, 1.46301e-22, 0, 2.2287e15
0.00141254, 17.3452, 920017, 1.46976e-22, 0, 2.11862e15
0.00144544, 17.3452, 899075, 1.47654e-22, 0, 2.01397e15
0.00147911, 17.3452, 878609, 1.48783e-22, 0, 1.90873e15
0.00151356, 17.3452, 858610, 1.50139e-22, 7.99334e-31, 1.80637e15
0.00154882, 17.3452, 839065, 1.51528e-22, 1.25807e-30, 1.70925e15
0.00158489, 17.3452, 819966, 1.52931e-22, 1.5226e-30, 1.61736e15
0.00162181, 17.3452, 801301, 1.54346e-22, 1.83476e-30, 1.53041e15
0.00165959, 17.3452, 783061, 1.58144e-22, 2.20156e-30, 1.42643e15
0.00169824, 17.3452, 765237, 1.63215e-22, 2.63077e-30, 1.3199e15
0.0017378, 17.3452, 747818, 1.68562e-22, 3.13094e-30, 1.22051e15
0.00177828, 17.3452, 730795, 1.74085e-22, 3.71149e-30, 1.12861e15
0.0018197, 17.3452, 714161, 1.79788e-22, 4.38268e-30, 1.04362e15
0.00186209, 17.3452, 697904, 1.87377e-22, 5.15573e-30, 9.5629e14
0.00190546, 17.3452, 682018, 1.96129e-22, 6.04277e-30, 8.72496e14
0.00194984, 17.3452, 666493, 2.05372e-22, 7.05688e-30, 7.95727e14
0.00199526, 17.3452, 651322, 2.15051e-22, 8.21215e-30, 7.25713e14
0.00204174, 17.3452, 636496, 2.25186e-22, 9.52365e-30, 6.61859e14
0.0020893, 17.3452, 622008, 2.3225e-22, 1.10074e-29, 6.12848e14
0.00213796, 17.3452, 607849, 2.3782e-22, 1.26805e-29, 5.71558e14
0.00218776, 17.3452, 594013, 2.4336e-22, 1.4561e-29, 5.33411e14
0.00223872, 17.3452, 580491, 2.49028e-22, 1.66679e-29, 4.97809e14
0.00229087, 17.3452, 567278, 2.54829e-22, 1.9021e-29, 4.64584e14
0.00234423, 17.3452, 554365, 2.56863e-22, 2.16412e-29, 4.40162e14
0.00239883, 17.3452, 541746, 2.5704e-22, 2.45501e-29, 4.20064e14
0.00245471, 17.3452, 529415, 2.5704e-22, 2.77703e-29, 4.0116e14
0.00251189, 17.3452, 517364, 2.5704e-22, 3.13248e-29, 3.83107e14
0.0025704, 17.3452, 505587, 2.5704e-22, 3.52377e-29, 3.65866e14
0.00263027, 17.3452, 494772, 2.57741e-22, 3.92524e-29, 3.4845e14
0.00269153, 17.3452, 483759, 2.58869e-22, 4.38287e-29, 3.31319e14
0.00275423, 17.3452, 472747, 2.60064e-22, 4.89281e-29, 3.14955e14
0.00281838, 17.3452, 461986, 2.61264e-22, 5.44842e-29, 2.994e14
0.00288403, 17.3452, 451470, 2.6247e-22, 6.0523e-29, 2.84612e14
0.00295121, 17.3452, 441193, 2.6585e-22, 6.70705e-29, 2.68348e14
0.00301995, 17.3452, 431150, 2.70601e-22, 7.41528e-29, 2.51773e14
0.0030903, 17.3452, 421336, 2.75632e-22, 8.17959e-29, 2.36054e14
0.00316228, 17.3452, 411745, 2.80756e-22, 9.00256e-29, 2.21316e14
0.00323594, 17.3452, 402373, 2.85976e-22, 9.88674e-29, 2.07499e14
0.00331131, 17.3452, 393258, 2.96869e-22, 1.08399e-28, 1.90889e14
0.00338844, 17.3452, 384376, 3.11666e-22, 1.18638e-28, 1.73643e14
0.00346737, 17.3452, 375699, 3.27723e-22, 1.29588e-28, 1.57703e14
0.00354813, 17.3452, 367217, 3.44607e-22, 1.41273e-28, 1.43227e14
0.00363078, 17.3452, 358927, 3.62361e-22, 1.53716e-28, 1.30079e14
0.00371535, 17.3452, 350786, 3.90233e-22, 1.66859e-28, 1.15352e14
0.00380189, 17.3452, 342806, 4.26827e-22, 1.80733e-28, 1.00715e14
0.00389045, 17.3452, 335002, 4.68006e-22, 1.95396e-28, 8.7719e13
0.00398107, 17.3452, 327377, 5.13159e-22, 2.10873e-28, 7.63997e13
0.0040738, 17.3452, 319925, 5.62667e-22, 2.27182e-28, 6.65411e13
0.00416869, 17.3452, 312642, 6.20224e-22, 2.44338e-28, 5.76489e13
0.0042658, 17.3452, 305526, 6.85985e-22, 2.62355e-28, 4.97763e13
0.00436516, 17.3452, 298571, 7.59128e-22, 2.81244e-28, 4.29557e13
0.00446684, 17.3452, 291775, 8.40069e-22, 3.01016e-28, 3.70697e13
0.00457088, 17.3452, 285133, 9.2964e-22, 3.21681e-28, 3.19902e13
0.00467735, 17.3452, 278643, 1.00727e-21, 3.43246e-28, 2.81958e13
0.0047863, 17.3452, 272300, 1.07672e-21, 3.65715e-28, 2.51899e13
0.00489779, 17.3452, 266102, 1.14843e-21, 3.89094e-28, 2.25541e13
0.00501187, 17.3452, 260045, 1.22491e-21, 4.13384e-28, 2.01941e13
0.00512861, 17.3452, 254125, 1.30648e-21, 4.38586e-28, 1.80811e13
0.00524807, 17.3452, 248367, 1.35394e-21, 4.64979e-28, 1.6662e13
0.00537032, 17.3452, 242757, 1.37695e-21, 4.92514e-28, 1.56462e13
0.00549541, 17.3452, 237277, 1.39594e-21, 5.21051e-28, 1.47387e13
0.00562341, 17.3452, 231920, 1.4152e-21, 5.5056e-28, 1.38839e13
0.0057544, 17.3452, 226684, 1.43472e-21, 5.81036e-28, 1.30786e13
0.00588844, 17.3452, 221544, 1.44398e-21, 6.1211e-28, 1.24099e13
0.0060256, 17.3452, 216504, 1.44544e-21, 6.43814e-28, 1.18394e13
0.00616595, 17.3452, 211576, 1.44544e-21, 6.7633e-28, 1.13066e13
0.00630957, 17.3452, 206760, 1.44544e-21, 7.09692e-28, 1.07977e13
0.00645654, 17.3452, 202054, 1.44544e-21, 7.43884e-28, 1.03118e13
0.00660693, 17.3452, 197454, 1.44192e-21, 7.78889e-28, 9.87172e12
0.00676083, 17.3452, 192960, 1.43579e-21, 8.14688e-28, 9.46772e12
0.00691831, 17.3452, 188567, 1.42919e-21, 8.51262e-28, 9.08336e12
0.00707946, 17.3452, 184275, 1.42262e-21, 8.88589e-28, 8.7146e12
0.00724436, 17.3452, 180080, 1.41609e-21, 9.26648e-28, 8.36081e12
0.0074131, 17.3452, 175981, 1.40958e-21, 9.65414e-28, 8.02138e12
0.00758578, 17.3452, 171975, 1.4031e-21, 1.00486e-27, 7.69573e12
0.00776247, 17.3452, 168061, 1.39666e-21, 1.04497e-27, 7.3833e12
0.00794328, 17.3452, 164235, 1.39024e-21, 1.08572e-27, 7.08356e12
0.00812831, 17.3452, 160497, 1.38385e-21, 1.12707e-27, 6.79599e12
0.00831764, 17.3452, 156859, 1.37089e-21, 1.16977e-27, 6.55151e12
0.00851138, 17.3452, 153316, 1.35315e-21, 1.21367e-27, 6.33866e12
0.00870964, 17.3452, 149855, 1.33474e-21, 1.25832e-27, 6.1369e12
0.00891251, 17.3452, 146471, 1.31658e-21, 1.3036e-27, 5.94156e12
0.00912011, 17.3452, 143165, 1.29866e-21, 1.34946e-27, 5.75244e12
0.00933254, 17.3452, 139919, 1.28385e-21, 1.39502e-27, 5.55691e12
0.00954993, 17.3452, 136737, 1.27159e-21, 1.44031e-27, 5.35799e12
0.00977237, 17.3452, 133624, 1.25994e-21, 1.48584e-27, 5.16419e12
0.01, 17.3452, 130582, 1.24838e-21, 1.53172e-27, 4.97741e12
0.0102329, 17.3452, 127610, 1.23694e-21, 1.57793e-27, 4.79738e12
0.0104713, 17.3452, 124729, 1.23402e-21, 1.6265e-27, 4.59231e12
0.0107152, 17.3452, 121932, 1.23817e-21, 1.67724e-27, 4.37091e12
0.0109648, 17.3452, 119201, 1.2438e-21, 1.72882e-27, 4.15532e12
0.0112202, 17.3452, 116532, 1.24944e-21, 1.78088e-27, 3.95037e12
0.0114815, 17.3452, 113923, 1.25511e-21, 1.83341e-27, 3.75552e12
0.011749, 17.3452, 111371, 1.26583e-21, 1.88636e-27, 3.55614e12
0.0120226, 17.3452, 108877, 1.28191e-21, 1.93971e-27, 3.35348e12
0.0123027, 17.3452, 106439, 1.29945e-21, 1.99345e-27, 3.15932e12
0.0125893, 17.3452, 104056, 1.31723e-21, 2.04754e-27, 2.9764e12
0.0128825, 17.3452, 101725, 1.33525e-21, 2.10195e-27, 2.80407e12
0.0131826, 17.3452, 99474.3, 1.3466e-21, 2.14287e-27, 2.65529e12
0.0134896, 17.3452, 97307.3, 1.34896e-21, 2.16577e-27, 2.53134e12
0.0138038, 17.3452, 95196.4, 1.34896e-21, 2.18394e-27, 2.41741e12
0.0141254, 17.3452, 93131.2, 1.34896e-21, 2.20212e-27, 2.3086e12
0.0144544, 17.3452, 91110.6, 1.34896e-21, 2.2203e-27, 2.20469e12
0.0147911, 17.3452, 89145.4, 1.34455e-21, 2.24063e-27, 2.11237e12
0.0151356, 17.3452, 87257.9, 1.3263e-21, 2.26782e-27, 2.04506e12
0.0154882, 17.3452, 85421.5, 1.30392e-21, 2.2972e-27, 1.98654e12
0.0158489, 17.3452, 83623.5, 1.28192e-21, 2.32658e-27, 1.9297e12
0.0162181, 17.3452, 81863.2, 1.26028e-21, 2.35596e-27, 1.87448e12
0.0165959, 17.3452, 80139.8, 1.23901e-21, 2.38535e-27, 1.82085e12
0.0169824, 17.3452, 78475.6, 1.2121e-21, 2.41972e-27, 1.77751e12
0.017378, 17.3452, 76857.9, 1.18258e-21, 2.45677e-27, 1.73988e12
0.0177828, 17.3452, 75274.6, 1.15341e-21, 2.49414e-27, 1.70361e12
0.018197, 17.3452, 73723.5, 1.12495e-21, 2.53153e-27, 1.66809e12
0.0186209, 17.3452, 72204.1, 1.09718e-21, 2.56892e-27, 1.63333e12
0.0190546, 17.3452, 70702.4, 1.06769e-21, 2.60314e-27, 1.6029e12
0.0194984, 17.3452, 69199.8, 1.03321e-21, 2.62947e-27, 1.58186e12
0.0199526, 17.3452, 67719.2, 9.98064e-22, 2.65336e-27, 1.56386e12
0.0204174, 17.3452, 66270.2, 9.64115e-22, 2.67726e-27, 1.54607e12
0.020893, 17.3452, 64852.1, 9.31317e-22, 2.70116e-27, 1.52849e12
0.0213796, 17.3452, 63464.2, 8.99633e-22, 2.72507e-27, 1.51111e12
0.0218776, 17.3452, 62075.4, 8.65535e-22, 2.74047e-27, 1.49995e12
0.0223872, 17.3452, 60706, 8.31471e-22, 2.75281e-27, 1.49113e12
0.0229087, 17.3452, 59366.7, 7.98744e-22, 2.76513e-27, 1.48237e12
0.0234423, 17.3452, 58056.9, 7.67304e-22, 2.77746e-27, 1.47366e12
0.0239883, 17.3452, 56776, 7.37101e-22, 2.78978e-27, 1.46501e12
0.0245471, 17.3452, 55511.3, 7.05863e-22, 2.79837e-27, 1.46099e12
0.0251189, 17.3452, 54268.3, 6.74739e-22, 2.8049e-27, 1.4596e12
0.025704, 17.3452, 53052.2, 6.44838e-22, 2.81116e-27, 1.45855e12
0.0263027, 17.3452, 51863.4, 6.16263e-22, 2.81742e-27, 1.4575e12
0.0269153, 17.3452, 50701.2, 5.88954e-22, 2.82368e-27, 1.45645e12
0.0275423, 17.3452, 49560.2, 5.62743e-22, 2.82821e-27, 1.45569e12
0.0281838, 17.3452, 48441.5, 5.37624e-22, 2.83156e-27, 1.45513e12
0.0288403, 17.3452, 47347.4, 5.13615e-22, 2.83472e-27, 1.4546e12
0.0295121, 17.3452, 46278.1, 4.90677e-22, 2.83787e-27, 1.45408e12
0.0301995, 17.3452, 45233, 4.68764e-22, 2.84103e-27, 1.45355e12
0.030903, 17.3452, 44211.4, 4.46766e-22, 2.84418e-27, 1.45649e12
0.0316228, 17.3452, 43212.9, 4.25019e-22, 2.84734e-27, 1.46212e12
0.0323594, 17.3452, 42237, 4.04188e-22, 2.85049e-27, 1.46828e12
0.0331131, 17.3452, 41283.1, 3.84377e-22, 2.85365e-27, 1.47448e12
0.0338844, 17.3452, 40350.7, 3.65537e-22, 2.8568e-27, 1.4807e12
0.0346737, 17.3452, 39449.8, 3.47821e-22, 2.86452e-27, 1.48609e12
0.0354813, 17.3452, 38577.5, 3.31125e-22, 2.87607e-27, 1.49078e12
0.0363078, 17.3452, 37726.2, 3.15262e-22, 2.8884e-27, 1.49533e12
0.0371535, 17.3452, 36893.7, 3.00159e-22, 2.90072e-27, 1.49989e12
0.0380189, 17.3452, 36079.5, 2.85779e-22, 2.91305e-27, 1.50448e12
0.0389045, 17.3452, 35296.5, 2.72747e-22, 2.9319e-27, 1.50542e12
0.0398107, 17.3452, 34547.2, 2.61135e-22, 2.95917e-27, 1.50161e12
0.040738, 17.3452, 33818, 2.50227e-22, 2.98864e-27, 1.49655e12
0.0416869, 17.3452, 33104, 2.39773e-22, 3.01811e-27, 1.49152e12
0.042658, 17.3452, 32405.1, 2.29755e-22, 3.04758e-27, 1.48651e12
0.0436516, 17.3452, 31723.3, 2.2011e-22, 3.07846e-27, 1.48183e12
0.0446684, 17.3452, 31074.6, 2.10542e-22, 3.12001e-27, 1.47946e12
0.0457088, 17.3452, 30445.4, 2.01278e-22, 3.16521e-27, 1.47792e12
0.0467735, 17.3452, 29828.9, 1.92419e-22, 3.21042e-27, 1.4764e12
0.047863, 17.3452, 29224.6, 1.83948e-22, 3.25564e-27, 1.47491e12
0.0489779, 17.3452, 28632.4, 1.75847e-22, 3.30088e-27, 1.47343e12
0.0501187, 17.3452, 28053.5, 1.69108e-22, 3.34705e-27, 1.46321e12
0.0512861, 17.3452, 27488, 1.63987e-22, 3.39448e-27, 1.441e12
0.0524807, 17.3452, 26934.2, 1.59381e-22, 3.44227e-27, 1.41593e12
0.0537032, 17.3452, 26391.4, 1.54902e-22, 3.49007e-27, 1.39131e12
0.0549541, 17.3452, 25859.4, 1.50548e-22, 3.53788e-27, 1.36713e12
0.0562341, 17.3452, 25338, 1.46316e-22, 3.58571e-27, 1.34337e12
0.057544, 17.3452, 24820.6, 1.4361e-22, 3.62883e-27, 1.30709e12
0.0588844, 17.3452, 24310, 1.41732e-22, 3.66938e-27, 1.2648e12
0.060256, 17.3452, 23809.5, 1.39973e-22, 3.70961e-27, 1.22305e12
0.0616595, 17.3452, 23319.1, 1.38236e-22, 3.74985e-27, 1.18268e12
0.0630957, 17.3452, 22838.7, 1.36521e-22, 3.7901e-27, 1.14365e12
0.0645654, 17.3452, 22376.1, 1.35441e-22, 3.83687e-27, 1.10088e12
0.0660693, 17.3452, 21942.9, 1.35985e-22, 3.90073e-27, 1.04712e12
0.0676083, 17.3452, 21524.3, 1.37037e-22, 3.96991e-27, 9.9231e11
0.0691831, 17.3452, 21113.5, 1.38097e-22, 4.03911e-27, 9.40367e11
0.0707946, 17.3452, 20710.3, 1.39166e-22, 4.10835e-27, 8.91138e11
0.0724436, 17.3452, 20314.5, 1.40245e-22, 4.17764e-27, 8.44482e11
0.074131, 17.3452, 19946.3, 1.41592e-22, 4.26603e-27, 7.98796e11
0.0758578, 17.3452, 19630.9, 1.43575e-22, 4.39941e-27, 7.52308e11
0.0776247, 17.3452, 19334.2, 1.45778e-22, 4.54665e-27, 7.07588e11
0.0794328, 17.3452, 19041.1, 1.48023e-22, 4.69437e-27, 6.65493e11
0.0812831, 17.3452, 18751.5, 1.50308e-22, 4.84251e-27, 6.25875e11
0.0831764, 17.3452, 18465.9, 1.52633e-22, 4.9909e-27, 5.886e11
0.0851138, 17.3452, 18183.8, 1.55002e-22, 5.13977e-27, 5.53518e11
0.0870964, 17.3452, 17905.2, 1.57413e-22, 5.28904e-27, 5.20504e11
0.0891251, 17.3452, 17688.4, 1.59338e-22, 5.50374e-27, 4.91073e11
0.0912011, 17.3452, 17506.2, 1.60997e-22, 5.75812e-27, 4.64143e11
0.0933254, 17.3452, 17329, 1.62643e-22, 6.01945e-27, 4.38769e11
0.0954993, 17.3452, 17152.4, 1.64317e-22, 6.28253e-27, 4.14753e11
0.0977237, 17.3452, 16976.2, 1.66023e-22, 6.54783e-27, 3.92018e11
0.1, 17.3452, 16800.9, 1.67755e-22, 6.8145e-27, 3.70509e11
0.102329, 17.3452, 16625.8, 1.69522e-22, 7.08368e-27, 3.50146e11
0.104713, 17.3452, 16451.8, 1.71315e-22, 7.35391e-27, 3.30888e11
0.107152, 17.3452, 16278, 1.73144e-22, 7.62671e-27, 3.12658e11
0.109648, 17.3452, 16105.4, 1.75e-22, 7.9006e-27, 2.9542e11
0.112202, 17.3452, 15933.2, 1.76892e-22, 8.17686e-27, 2.79106e11
0.114815, 17.3452, 15790.5, 1.72483e-22, 8.49586e-27, 2.73362e11
0.11749, 17.3452, 15666.6, 1.64424e-22, 8.84512e-27, 2.73862e11
0.120226, 17.3452, 15544.9, 1.56054e-22, 9.20386e-27, 2.75573e11
0.123027, 17.3452, 15423.4, 1.48008e-22, 9.56485e-27, 2.77487e11
0.125893, 17.3452, 15301.6, 1.40252e-22, 9.92936e-27, 2.79662e11
0.128825, 17.3452, 15179.1, 1.32749e-22, 1.02991e-26, 2.82181e11
0.131826, 17.3452, 15057, 1.25564e-22, 1.06707e-26, 2.84914e11
0.134896, 17.3452, 14934.5, 1.18652e-22, 1.10461e-26, 2.87954e11
0.138038, 17.3452, 14811.5, 1.11989e-22, 1.14266e-26, 2.9137e11
0.141254, 17.3452, 14688.9, 1.05627e-22, 1.18088e-26, 2.95031e11
0.144544, 17.3452, 14566, 9.95186e-23, 1.21954e-26, 2.99063e11
0.147911, 17.3452, 14442.8, 9.36615e-23, 1.25861e-26, 3.03482e11
0.151356, 17.3452, 14319.8, 8.80752e-23, 1.29792e-26, 3.08225e11
0.154882, 17.3452, 14196.5, 8.27226e-23, 1.33771e-26, 3.13421e11
0.158489, 17.3452, 14066, 7.73291e-23, 1.37631e-26, 3.20217e11
0.162181, 17.3452, 13929.6, 7.19785e-23, 1.41402e-26, 3.28566e11
0.165959, 17.3452, 13792.2, 6.68703e-23, 1.4518e-26, 3.3778e11
0.169824, 17.3452, 13655.4, 6.20592e-23, 1.4898e-26, 3.47622e11
0.17378, 17.3452, 13518.6, 5.75127e-23, 1.52819e-26, 3.58261e11
0.177828, 17.3452, 13382.6, 5.3248e-23, 1.56672e-26, 3.69585e11
0.18197, 17.3452, 13246.7, 4.923e-23, 1.60563e-26, 3.81811e11
0.186209, 17.3452, 13111.5, 4.5464e-23, 1.64475e-26, 3.94889e11
0.190546, 17.3452, 12976.5, 4.19296e-23, 1.68418e-26, 4.08973e11
0.194984, 17.3452, 12842.1, 3.86208e-23, 1.72388e-26, 4.24104e11
0.199526, 17.3452, 12708.2, 3.55274e-23, 1.76385e-26, 4.40369e11
0.204174, 17.3452, 12555.8, 3.22512e-23, 1.79928e-26, 4.63384e11
0.20893, 17.3452, 12367.2, 2.85304e-23, 1.825e-26, 5.00406e11
0.213796, 17.3452, 12170.2, 2.49956e-23, 1.84784e-26, 5.45681e11
0.218776, 17.3452, 11976, 2.18529e-23, 1.87073e-26, 5.96339e11
0.223872, 17.3452, 11784.3, 1.90628e-23, 1.89369e-26, 6.53195e11
0.229087, 17.3452, 11595.4, 1.65955e-23, 1.91667e-26, 7.16976e11
0.234423, 17.3452, 11409.2, 1.44168e-23, 1.9397e-26, 7.88732e11
0.239883, 17.3452, 11216, 1.24056e-23, 1.95993e-26, 8.7609e11
0.245471, 17.3452, 10993, 1.03748e-23, 1.96994e-26, 1.00159e12
0.251189, 17.3452, 10763.9, 8.56531e-24, 1.97663e-26, 1.16028e12
0.25704, 17.3452, 10539.4, 7.04819e-24, 1.98332e-26, 1.34897e12
0.263027, 17.3452, 10319.6, 5.78069e-24, 1.99002e-26, 1.57413e12
0.269153, 17.3452, 10104.4, 4.72542e-24, 1.99671e-26, 1.84387e12
0.275423, 17.3452, 9882.72, 3.81058e-24, 1.9996e-26, 2.1911e12
0.281838, 17.3452, 9658.9, 3.03865e-24, 2e-26, 2.63561e12
0.288403, 17.3452, 9439.03, 2.41061e-24, 2e-26, 3.19043e12
0.295121, 17.3452, 9224.18, 1.90515e-24, 2e-26, 3.88239e12
0.301995, 17.3452, 9014.21, 1.50018e-24, 2e-26, 4.75077e12
0.30903, 17.3452, 8809.02, 1.17718e-24, 2e-26, 5.8481e12
0.316228, 17.3452, 8608.5, 9.20733e-25, 2e-26, 7.24554e12
0.323594, 17.3452, 8412.55, 7.18072e-25, 2e-26, 9.04104e12
0.331131, 17.3452, 8221.06, 5.58661e-25, 2e-26, 1.13721e13
0.338844, 17.3452, 8033.92, 4.33857e-25, 2e-26, 1.44365e13
0.346737, 17.3452, 7851.05, 3.3661e-25, 2e-26, 1.8527e13
0.354813, 17.3452, 7672.33, 2.61193e-25, 2e-26, 2.40943e13
0.363078, 17.3452, 7497.69, 2.02982e-25, 2e-26, 3.18667e13
0.371535, 17.3452, 7327.02, 1.58264e-25, 2e-26, 4.30981e13
0.380189, 17.3452, 7160.24, 1.24071e-25, 2e-26, 6.01452e13
0.389045, 17.3452, 6997.25, 9.80448e-26, 2e-26, 8.80175e13
0.398107, 17.3452, 6837.98, 7.83223e-26, 2e-26, 1.39582e14
0.40738, 17.3452, 6682.32, 6.34392e-26, 2e-26, 2.60973e14
0.416869, 17.3452, 6530.22, 5.22515e-26, 2e-26, 8.36334e14
0.42658, 17.3452, 6381.57, 4.38701e-26, 2e-26, -1.13261e15
0.436516, 17.3452, 6236.31, 3.76081e-26, 2e-26, -3.97188e14
0.446684, 17.3452, 6094.35, 3.29382e-26, 2e-26, -2.63079e14
0.457088, 17.3452, 5955.63, 2.94575e-26, 2e-26, -2.07984e14
0.467735, 17.3452, 5820.06, 2.68602e-26, 2e-26, -1.78619e14
0.47863, 17.3452, 5687.58, 2.49156e-26, 2e-26, -1.60759e14
0.489779, 17.3452, 5558.12, 2.34505e-26, 2e-26, -1.48985e14
0.501187, 17.3452, 5431.6, 2.2336e-26, 2e-26, -1.40781e14
0.512861, 17.3452, 5307.96, 2.14764e-26, 2e-26, -1.34819e14
0.524807, 17.3452, 5187.14, 2.08012e-26, 2e-26, -1.30332e14
0.537032, 17.3452, 5069.06, 2.02589e-26, 2e-26, -1.2685e14
0.549541, 17.3452, 4953.78, 1.98123e-26, 2e-26, -1.2407e14
0.562341, 17.3452, 4841.02, 1.94336e-26, 2e-26, -1.2179e14
0.57544, 17.3452, 4730.82, 1.91036e-26, 2e-26, -1.19872e14
0.588844, 17.3452, 4623.14, 1.88084e-26, 2e-26, -1.18223e14
0.60256, 17.3452, 4517.9, 1.85381e-26, 2e-26, -1.16776e14
0.616595, 17.3452, 4415.06, 1.82858e-26, 2e-26, -1.15486e14
0.630957, 17.3452, 4314.56, 1.80465e-26, 2e-26, -1.1432e14
0.645654, 17.3452, 4216.35, 1.78169e-26, 2e-26, -1.13256e14
0.660693, 17.3452, 4120.37, 1.75946e-26, 2e-26, -1.12278e14
0.676083, 17.3452, 4026.58, 1.73779e-26, 2e-26, -1.11375e14
0.691831, 17.3452, 3934.93, 1.71657e-26, 2e-26, -1.10539e14
0.707946, 17.3452, 3845.36, 1.69573e-26, 2e-26, -1.09767e14
0.724436, 17.3452, 3757.83, 1.67521e-26, 2e-26, -1.09055e14
0.74131, 17.3452, 3672.29, 1.65498e-26, 2e-26, -1.08402e14
0.758578, 17.3452, 3588.7, 1.63501e-26, 2e-26, -1.07807e14
0.776247, 17.3452, 3507.01, 1.61528e-26, 2e-26, -1.0727e14
0.794328, 17.3452, 3427.18, 1.59579e-26, 2e-26, -1.06792e14
0.812831, 17.3452, 3349.17, 1.57652e-26, 2e-26, -1.06374e14
0.831764, 17.3452, 3272.93, 1.55746e-26, 2e-26, -1.06018e14
0.851138, 17.3452, 3198.43, 1.53862e-26, 2e-26, -1.05726e14
0.870964, 17.3452, 3125.62, 1.51998e-26, 2e-26, -1.05501e14
0.891251, 17.3452, 3054.48, 1.50155e-26, 2e-26, -1.05344e14
0.912011, 17.3452, 2984.95, 1.48332e-26, 2e-26, -1.0526e14
0.933254, 17.3452, 2917, 1.46529e-26, 2e-26, -1.05252e14
0.954993, 17.3452, 2850.6, 1.44745e-26, 2e-26, -1.05323e14
0.977237, 17.3452, 2785.71, 1.42981e-26, 2e-26, -1.0548e14
1, 17.3452, 2722.3, 1.41235e-26, 2e-26, -1.05726e14
1.02329, 17.3452, 2660.34, 1.39509e-26, 2e-26, -1.06068e14
1.04713, 17.3452, 2599.78, 1.37801e-26, 2e-26, -1.06513e14
1.07152, 17.3452, 2540.6, 1.36111e-26, 2e-26, -1.07069e14
1.09648, 17.3452, 2482.77, 1.3444e-26, 2e-26, -1.07745e14
1.12202, 17.3452, 2426.26, 1.32786e-26, 2e-26, -1.0855e14
1.14815, 17.3452, 2371.03, 1.3115e-26, 2e-26, -1.09496e14
1.1749, 17.3452, 2317.06, 1.29532e-26, 2e-26, -1.10598e14
1.20226, 17.3452, 2264.31, 1.27931e-26, 2e-26, -1.11871e14
1.23027, 17.3452, 2212.77, 1.26347e-26, 2e-26, -1.13333e14
1.25893, 17.3452, 2162.4, 1.24779e-26, 2e-26, -1.15005e14
1.28825, 17.3452, 2113.18, 1.23229e-26, 2e-26, -1.16915e14
1.31826, 17.3452, 2065.08, 1.21695e-26, 2e-26, -1.1909e14
1.34896, 17.3452, 2018.07, 1.20177e-26, 2e-26, -1.21569e14
1.38038, 17.3452, 1972.13, 1.18675e-26, 2e-26, -1.24394e14
1.41254, 17.3452, 1927.24, 1.17189e-26, 2e-26, -1.27618e14
1.44544, 17.3452, 1883.37, 1.15719e-26, 2e-26, -1.31306e14
1.47911, 17.3452, 1840.5, 1.14264e-26, 2e-26, -1.3554e14
1.51356, 17.3452, 1798.61, 1.12825e-26, 2e-26, -1.40421e14
1.54882, 17.3452, 1757.67, 1.11401e-26, 2e-26, -1.46078e14
1.58489, 17.3452, 1717.66, 1.09991e-26, 2e-26, -1.52679e14
1.62181, 17.3452, 1678.56, 1.08597e-26, 2e-26, -1.60443e14
1.65959, 17.3452, 1640.35, 1.07217e-26, 2e-26, -1.69667e14
1.69824, 17.3452, 1603.01, 1.05851e-26, 2e-26, -1.80759e14
1.7378, 17.3452, 1566.52, 1.04499e-26, 2e-26, -1.94295e14
1.77828, 17.3452, 1530.86, 1.03162e-26, 2e-26, -2.11117e14
1.8197, 17.3452, 1496.02, 1.01838e-26, 2e-26, -2.32509e14
1.86209, 17.3452, 1461.96, 1.00529e-26, 2e-26, -2.60526e14
1.90546, 17.3452, 1428.69, 9.92323e-27, 2e-26, -2.98679e14
1.94984, 17.3452, 1396.16, 9.79494e-27, 2e-26, -3.53494e14
1.99526, 17.3452, 1364.38, 9.66796e-27, 2e-26, -4.38646e14
2.04174, 17.3452, 1333.33, 9.54229e-27, 2e-26, -5.88429e14
2.0893, 17.3452, 1302.98, 9.41791e-27, 2e-26, -9.20121e14
2.13796, 17.3452, 1273.32, 9.29481e-27, 2e-26, -2.26942e15
2.18776, 17.3452, 1244.33, 9.17296e-27, 2e-26, 4.16092e15
2.23872, 17.3452, 1216.01, 9.05235e-27, 2e-26, 1.04451e15
2.29087, 17.3452, 1188.33, 8.93298e-27, 2e-26, 5.8416e14
2.34423, 17.3452, 1161.28, 8.81481e-27, 2e-26, 3.99186e14
2.39883, 17.3452, 1134.85, 8.69784e-27, 2e-26, 2.99536e14
2.45471, 17.3452, 1109.01, 8.58206e-27, 2e-26, 2.37333e14
2.51189, 17.3452, 1083.77, 8.46744e-27, 2e-26, 1.94873e14
2.5704, 17.3452, 1059.1, 8.35398e-27, 2e-26, 1.64092e14
2.63027, 17.3452, 1034.99, 8.24166e-27, 2e-26, 1.40788e14
2.69153, 17.3452, 1011.43, 8.13046e-27, 2e-26, 1.2256e14
2.75423, 17.3452, 988.409, 8.02038e-27, 2e-26, 1.07934e14
2.81838, 17.3452, 965.91, 7.9114e-27, 2e-26, 9.59552e13
2.88403, 17.3452, 943.923, 7.80351e-27, 2e-26, 8.5979e13
2.95121, 17.3452, 922.437, 7.69669e-27, 2e-26, 7.75536e13
3.01995, 17.3452, 901.44, 7.59093e-27, 2e-26, 7.03534e13
3.0903, 17.3452, 880.92, 7.48622e-27, 2e-26, 6.41376e13
3.16228, 17.3452, 860.868, 7.38254e-27, 2e-26, 5.87243e13
3.23594, 17.3452, 841.272, 7.27989e-27, 2e-26, 5.39737e13
3.31131, 17.3452, 822.123, 7.17825e-27, 2e-26, 4.97765e13
3.38844, 17.3452, 803.409, 7.07761e-27, 2e-26, 4.60459e13
3.46737, 17.3452, 785.121, 6.97795e-27, 2e-26, 4.27123e13
3.54813, 17.3452, 767.25, 6.87927e-27, 2e-26, 3.97191e13
3.63078, 17.3452, 749.785, 6.78156e-27, 2e-26, 3.70199e13
3.71535, 17.3452, 732.718, 6.6848e-27, 2e-26, 3.45763e13
3.80189, 17.3452, 716.039, 6.58898e-27, 2e-26, 3.23561e13
3.89045, 17.3452, 699.74, 6.49409e-27, 2e-26, 3.03323e13
3.98107, 17.3452, 683.812, 6.40012e-27, 2e-26, 2.8482e13
4.0738, 17.3452, 668.246, 6.30706e-27, 2e-26, 2.67856e13
4.16869, 17.3452, 653.035, 6.2149e-27, 2e-26, 2.52265e13
4.2658, 17.3452, 638.17, 6.12363e-27, 2e-26, 2.379e13
4.36516, 17.3452, 623.644, 6.03324e-27, 2e-26, 2.24636e13
4.46684, 17.3452, 609.448, 5.94372e-27, 2e-26, 2.12365e13
4.57088, 17.3452, 595.575, 5.85506e-27, 2e-26, 2.0099e13
4.67735, 17.3452, 582.018, 5.76725e-27, 2e-26, 1.90426e13
4.7863, 17.3452, 568.77, 5.68028e-27, 2e-26, 1.80601e13
4.89779, 17.3452, 555.823, 5.59414e-27, 2e-26, 1.71448e13
5.01187, 17.3452, 543.171, 5.50882e-27, 2e-26, 1.62908e13
5.12861, 17.3452, 530.807, 5.42432e-27, 2e-26, 1.5493e13
5.24807, 17.3452, 518.724, 5.34062e-27, 2e-26, 1.47466e13
5.37032, 17.3452, 506.917, 5.25772e-27, 2e-26, 1.40476e13
5.49541, 17.3452, 495.378, 5.17561e-27, 2e-26, 1.33921e13
5.62341, 17.3452, 484.102, 5.09428e-27, 2e-26, 1.27768e13
5.7544, 17.3452, 473.082, 5.01372e-27, 2e-26, 1.21986e13
5.88844, 17.3452, 462.314, 4.93393e-27, 2e-26, 1.16547e13
6.0256, 17.3452, 451.79, 4.85489e-27, 2e-26, 1.11426e13
6.16595, 17.3452, 441.506, 4.77661e-27, 2e-26, 1.06601e13
6.30957, 17.3452, 431.456, 4.69907e-27, 2e-26, 1.0205e13
6.45654, 17.3452, 421.635, 4.62226e-27, 2e-26, 9.7754e12
6.60693, 17.3452, 412.037, 4.54619e-27, 2e-26, 9.36963e12
6.76083, 17.3452, 402.658, 4.47083e-27, 2e-26, 8.98607e12
6.91831, 17.3452, 393.493, 4.3962e-27, 2e-26, 8.62325e12
7.07946, 17.3452, 384.536, 4.32227e-27, 2e-26, 8.27981e12
7.24436, 17.3452, 375.783, 4.24905e-27, 2e-26, 7.95453e12
7.4131, 17.3452, 367.229, 4.17652e-27, 2e-26, 7.64626e12
7.58578, 17.3452, 358.87, 4.10469e-27, 2e-26, 7.35394e12
7.76247, 17.3452, 350.701, 4.03355e-27, 2e-26, 7.07661e12
7.94328, 17.3452, 342.718, 3.96308e-27, 2e-26, 6.81335e12
8.12831, 17.3452, 334.917, 3.8933e-27, 2e-26, 6.56334e12
8.31764, 17.3452, 327.293, 3.82418e-27, 2e-26, 6.32581e12
8.51138, 17.3452, 319.843, 3.75574e-27, 2e-26, 6.10002e12
8.70964, 17.3452, 312.562, 3.68795e-27, 2e-26, 5.88532e12
8.91251, 17.3452, 305.448, 3.62083e-27, 2e-26, 5.68109e12
9.12011, 17.3452, 298.495, 3.55435e-27, 2e-26, 5.48673e12
9.33254, 17.3452, 291.7, 3.48853e-27, 2e-26, 5.30172e12
9.54993, 17.3452, 285.06, 3.42336e-27, 2e-26, 5.12556e12
9.77237, 17.3452, 278.571, 3.35882e-27, 2e-26, 4.95777e12
10, 17.3452, 272.23, 3.29493e-27, 2e-26, 4.79791e12
10.2329, 17.3452, 266.034, 3.23167e-27, 2e-26, 4.64558e12
10.4713, 17.3452, 259.978, 3.16905e-27, 2e-26, 4.50039e12
10.7152, 17.3452, 254.06, 3.10706e-27, 2e-26, 4.36199e12
10.9648, 17.3452, 248.277, 3.04569e-27, 2e-26, 4.23004e12
11.2202, 17.3452, 242.626, 2.98495e-27, 2e-26, 4.10423e12
11.4815, 17.3452, 237.103, 2.92484e-27, 2e-26, 3.98426e12
11.749, 17.3452, 231.706, 2.86534e-27, 2e-26, 3.86986e12
12.0226, 17.3452, 226.431, 2.80647e-27, 2e-26, 3.76076e12
12.3027, 17.3452, 221.277, 2.74821e-27, 2e-26, 3.65674e12
12.5893, 17.3452, 216.24, 2.69056e-27, 2e-26, 3.55757e12
12.8825, 17.3452, 211.318, 2.63354e-27, 2e-26, 3.46302e12
13.1826, 17.3452, 206.508, 2.57712e-27, 2e-26, 3.37291e12
13.4896, 17.3452, 201.807, 2.52132e-27, 2e-26, 3.28706e12
13.8038, 17.3452, 197.213, 2.46614e-27, 2e-26, 3.20527e12
14.1254, 17.3452, 192.724, 2.41156e-27, 2e-26, 3.12741e12
14.4544, 17.3452, 188.337, 2.35759e-27, 2e-26, 3.05331e12
14.7911, 17.3452, 184.05, 2.30424e-27, 2e-26, 2.98283e12
15.1356, 17.3452, 179.861, 2.25149e-27, 2e-26, 2.91586e12
15.4882, 17.3452, 175.767, 2.19936e-27, 2e-26, 2.85226e12
15.8489, 17.3452, 171.766, 2.14784e-27, 2e-26, 2.79192e12
16.2181, 17.3452, 167.856, 2.09693e-27, 2e-26, 2.73475e12
16.5959, 17.3452, 164.035, 2.04663e-27, 2e-26, 2.68065e12
16.9824, 17.3452, 160.301, 1.99694e-27, 2e-26, 2.62955e12
17.378, 17.3452, 156.652, 1.94787e-27, 2e-26, 2.58135e12
17.7828, 17.3452, 153.086, 1.89941e-27, 2e-26, 2.53601e12
18.197, 17.3452, 149.602, 1.85156e-27, 2e-26, 2.49346e12
18.6209, 17.3452, 146.196, 1.80434e-27, 2e-26, 2.45365e12
19.0546, 17.3452, 142.869, 1.75773e-27, 2e-26, 2.41654e12
19.4984, 17.3452, 139.616, 1.71174e-27, 2e-26, 2.38212e12
19.9526, 17.3452, 136.438, 1.66637e-27, 2e-26, 2.35034e12
20.4174, 17.3452, 133.333, 1.62163e-27, 2e-26, 2.32122e12
20.893, 17.3452, 130.298, 1.57751e-27, 2e-26, 2.29474e12
21.3796, 17.3452, 127.332, 1.53401e-27, 2e-26, 2.27093e12
21.8776, 17.3452, 124.433, 1.49114e-27, 2e-26, 2.24981e12
22.3872, 17.3452, 121.601, 1.44891e-27, 2e-26, 2.23143e12
22.9087, 17.3452, 118.833, 1.4073e-27, 2e-26, 2.21583e12
23.4423, 17.3452, 116.128, 1.36633e-27, 2e-26, 2.20311e12
23.9883, 17.3452, 113.485, 1.326e-27, 2e-26, 2.19335e12
24.5471, 17.3452, 110.901, 1.2863e-27, 2e-26, 2.18667e12
25.1189, 17.3452, 108.377, 1.24724e-27, 2e-26, 2.18322e12
25.704, 17.3452, 105.91, 1.20882e-27, 2e-26, 2.18319e12
26.3027, 17.3452, 103.499, 1.17105e-27, 2e-26, 2.18677e12
26.9153, 17.3452, 101.143, 1.13392e-27, 2e-26, 2.19424e12
27.5423, 17.3452, 98.8409, 1.09744e-27, 2e-26, 2.20591e12
28.1838, 17.3452, 96.591, 1.06162e-27, 2e-26, 2.22213e12
28.8403, 17.3452, 94.3923, 1.02644e-27, 2e-26, 2.24337e12
29.5121, 17.3452, 92.2437, 9.91912e-28, 2e-26, 2.27017e12
30.1995, 17.3452, 90.144, 9.58042e-28, 2e-26, 2.30319e12
30.903, 17.3452, 88.092, 9.24828e-28, 2e-26, 2.34324e12
31.6228, 17.3452, 86.0868, 8.92271e-28, 2e-26, 2.3913e12
32.3594, 17.3452, 84.1272, 8.60372e-28, 2e-26, 2.44862e12
33.1131, 17.3452, 82.2123, 8.29133e-28, 2e-26, 2.51675e12
33.8844, 17.3452, 80.3409, 7.98555e-28, 2e-26, 2.59766e12
34.6737, 17.3452, 78.5121, 7.68637e-28, 2e-26, 2.69389e12
35.4813, 17.3452, 76.725, 7.39381e-28, 2e-26, 2.80876e12
36.3078, 17.3452, 74.9785, 7.10787e-28, 2e-26, 2.94672e12
37.1535, 17.3452, 73.2718, 6.82854e-28, 2e-26, 3.11379e12
38.0189, 17.3452, 71.6039, 6.55582e-28, 2e-26, 3.31843e12
38.9045, 17.3452, 69.974, 6.28971e-28, 2e-26, 3.5728e12
39.8107, 17.3452, 68.3812, 6.0302e-28, 2e-26, 3.89509e12
40.738, 17.3452, 66.8246, 5.77727e-28, 2e-26, 4.31373e12
41.6869, 17.3452, 65.3035, 5.53091e-28, 2e-26, 4.87583e12
42.658, 17.3452, 63.817, 5.29111e-28, 2e-26, 5.66543e12
43.6516, 17.3452, 62.3644, 5.05783e-28, 2e-26, 6.84859e12
44.6684, 17.3452, 60.9448, 4.83107e-28, 2e-26, 8.80555e12
45.7088, 17.3452, 59.5575, 4.61077e-28, 2e-26, 1.26406e13
46.7735, 17.3452, 58.2018, 4.39693e-28, 2e-26, 2.34697e13
47.863, 17.3452, 56.877, 4.18948e-28, 2e-26, 2.49012e14
48.9779, 17.3452, 55.5823, 3.98841e-28, 2e-26, -2.72434e13
50.1187, 17.3452, 54.3171, 3.79365e-28, 2e-26, -1.25636e13
51.2861, 17.3452, 53.0807, 3.60517e-28, 2e-26, -8.02015e12
52.4807, 17.3452, 51.8724, 3.4229e-28, 2e-26, -5.81362e12
53.7032, 17.3452, 50.6917, 3.2468e-28, 2e-26, -4.51273e12
54.9541, 17.3452, 49.5378, 3.07679e-28, 2e-26, -3.65673e12
56.2341, 17.3452, 48.4102, 2.91282e-28, 2e-26, -3.05204e12
57.544, 17.3452, 47.3082, 2.75481e-28, 2e-26, -2.6031e12
58.8844, 17.3452, 46.2314, 2.60269e-28, 2e-26, -2.2573e12
60.256, 17.3452, 45.179, 2.45638e-28, 2e-26, -1.98331e12
61.6595, 17.3452, 44.1506, 2.31579e-28, 2e-26, -1.76128e12
63.0957, 17.3452, 43.1456, 2.18083e-28, 2e-26, -1.57806e12
64.5654, 17.3452, 42.1635, 2.05143e-28, 2e-26, -1.42456e12
66.0693, 17.3452, 41.2037, 1.92747e-28, 2e-26, -1.29432e12
67.6083, 17.3452, 40.2658, 1.80885e-28, 2e-26, -1.18261e12
69.1831, 17.3452, 39.3493, 1.69549e-28, 2e-26, -1.0859e12
70.7946, 17.3452, 38.4536, 1.58726e-28, 2e-26, -1.00148e12
72.4436, 17.3452, 37.5783, 1.48406e-28, 2e-26, -9.27268e11
74.131, 17.3452, 36.7229, 1.38576e-28, 2e-26, -8.6161e11
75.8578, 17.3452, 35.887, 1.29226e-28, 2e-26, -8.03191e11
77.6247, 17.3452, 35.0701, 1.20344e-28, 2e-26, -7.50945e11
79.4328, 17.3452, 34.2718, 1.11916e-28, 2e-26, -7.04006e11
81.2831, 17.3452, 33.4917, 1.0393e-28, 2e-26, -6.61657e11
83.1764, 17.3452, 32.7293, 9.63742e-29, 2e-26, -6.23302e11
85.1138, 17.3452, 31.9843, 8.92344e-29, 2e-26, -5.88443e11
87.0964, 17.3452, 31.2562, 8.24976e-29, 2e-26, -5.56658e11
89.1251, 17.3452, 30.5448, 7.61507e-29, 2e-26, -5.27588e11
91.2011, 17.3452, 29.8495, 7.01799e-29, 2e-26, -5.00928e11
93.3254, 17.3452, 29.17, 6.45717e-29, 2e-26, -4.76413e11
95.4993, 17.3452, 28.506, 5.93125e-29, 2e-26, -4.53816e11
97.7237, 17.3452, 27.8571, 5.43885e-29, 2e-26, -4.32938e11
100, 17.3452, 27.223, 4.97861e-29, 2e-26, -4.13608e11
102.329, 17.3452, 26.6034, 4.54917e-29, 2e-26, -3.95672e11
104.713, 17.3452, 25.9978, 4.14915e-29, 2e-26, -3.78998e11
107.152, 17.3452, 25.406, 3.77722e-29, 2e-26, -3.63468e11
109.648, 17.3452, 24.8277, 3.43204e-29, 2e-26, -3.48977e11
112.202, 17.3452, 24.2626, 3.11229e-29, 2e-26, -3.35433e11
114.815, 17.3452, 23.7103, 2.81667e-29, 2e-26, -3.22751e11
117.49, 17.3452, 23.1706, 2.54389e-29, 2e-26, -3.10859e11
120.226, 17.3452, 22.6431, 2.29269e-29, 2e-26, -2.99689e11
123.027, 17.3452, 22.1277, 2.06186e-29, 2e-26, -2.89182e11
125.893, 17.3452, 21.624, 1.85019e-29, 2e-26, -2.79283e11
128.825, 17.3452, 21.1318, 1.65652e-29, 2e-26, -2.69943e11
131.826, 17.3452, 20.6508, 1.4797e-29, 2e-26, -2.61118e11
134.896, 17.3452, 20.1807, 1.31863e-29, 2e-26, -2.52768e11
138.038, 17.3452, 19.7213, 1.17227e-29, 2e-26, -2.44856e11
141.254, 17.3452, 19.2724, 1.03958e-29, 2e-26, -2.37349e11
144.544, 17.3452, 18.8337, 9.19578e-30, 2e-26, -2.30216e11
147.911, 17.3452, 18.405, 8.11328e-30, 2e-26, -2.2343e11
151.356, 17.3452, 17.9861, 7.13928e-30, 2e-26, -2.16965e11
154.882, 17.3452, 17.5767, 6.26521e-30, 2e-26, -2.10799e11
158.489, 17.3452, 17.1766, 5.48294e-30, 2e-26, -2.04909e11
162.181, 17.3452, 16.7856, 4.78474e-30, 2e-26, -1.99276e11
165.959, 17.3452, 16.4035, 4.16336e-30, 2e-26, -1.93882e11
169.824, 17.3452, 16.0301, 3.61192e-30, 2e-26, -1.88711e11
173.78, 17.3452, 15.6652, 3.12402e-30, 2e-26, -1.83747e11
177.828, 17.3452, 15.3086, 2.69363e-30, 2e-26, -1.78977e11
181.97, 17.3452, 14.9602, 2.31515e-30, 2e-26, -1.74387e11
186.209, 17.3452, 14.6196, 1.98338e-30, 2e-26, -1.69967e11
190.546, 17.3452, 14.2869, 1.69351e-30, 2e-26, -1.65704e11
194.984, 17.3452, 13.9616, 1.44108e-30, 2e-26, -1.6159e11
199.526, 17.3452, 13.6438, 1.222e-30, 2e-26, -1.57614e11
204.174, 17.3452, 13.3333, 1.03254e-30, 2e-26, -1.5377e11
208.93, 17.3452, 13.0298, 8.69266e-31, 2e-26, -1.50048e11
213.796, 17.3452, 12.7332, 0, 2e-26, -1.45301e11
218.776, 17.3452, 12.4433, 0, 2e-26, -1.41994e11
223.872, 17.3452, 12.1601, 0, 2e-26, -1.38761e11
229.087, 17.3452, 11.8833, 0, 2e-26, -1.35603e11
234.423, 17.3452, 11.6128, 0, 2e-26, -1.32516e11
239.883, 17.3452, 11.3485, 0, 2e-26, -1.295e11
245.471, 17.3452, 11.0901, 0, 2e-26, -1.26552e11
251.189, 17.3452, 10.8377, 0, 2e-26, -1.23671e11
257.04, 17.3452, 10.591, 0, 2e-26, -1.20856e11
263.027, 17.3452, 10.3499, 0, 2e-26, -1.18105e11
269.153, 17.3452, 10.1143, 0, 2e-26, -1.15417e11
275.423, 17.3452, 9.88409, 0, 2e-26, -1.12789e11
281.838, 17.3452, 9.6591, 0, 2e-26, -1.10222e11
288.403, 17.3452, 9.43923, 0, 2e-26, -1.07713e11
295.121, 17.3452, 9.22437, 0, 2e-26, -1.05261e11
301.995, 17.3452, 9.0144, 0, 2e-26, -1.02865e11
309.03, 17.3452, 8.8092, 0, 2e-26, -1.00524e11
316.228, 17.3452, 8.60868, 0, 2e-26, -9.82355e10
323.594, 17.3452, 8.41272, 0, 2e-26, -9.59994e10
331.131, 17.3452, 8.22123, 0, 2e-26, -9.38142e10
338.844, 17.3452, 8.03409, 0, 2e-26, -9.16787e10
346.737, 17.3452, 7.85121, 0, 2e-26, -8.95919e10
354.813, 17.3452, 7.6725, 0, 2e-26, -8.75525e10
363.078, 17.3452, 7.49785, 0, 2e-26, -8.55596e10
371.535, 17.3452, 7.32718, 0, 2e-26, -8.3612e10
380.189, 17.3452, 7.16039, 0, 2e-26, -8.17088e10
389.045, 17.3452, 6.9974, 0, 2e-26, -7.98488e10
398.107, 17.3452, 6.83812, 0, 2e-26, -7.80313e10
407.38, 17.3452, 6.68246, 0, 2e-26, -7.62551e10
416.869, 17.3452, 6.53035, 0, 2e-26, -7.45193e10
426.58, 17.3452, 6.3817, 0, 2e-26, -7.2823e10
436.516, 17.3452, 6.23644, 0, 2e-26, -7.11654e10
446.684, 17.3452, 6.09448, 0, 2e-26, -6.95454e10
457.088, 17.3452, 5.95575, 0, 2e-26, -6.79624e10
467.735, 17.3452, 5.82018, 0, 2e-26, -6.64154e10
478.63, 17.3452, 5.6877, 0, 2e-26, -6.49036e10
489.779, 17.3452, 5.55823, 0, 2e-26, -6.34262e10
501.187, 17.3452, 5.43171, 0, 2e-26, -6.19824e10
512.861, 17.3452, 5.30807, 0, 2e-26, -6.05715e10
524.807, 17.3452, 5.18724, 0, 2e-26, -5.91928e10
537.032, 17.3452, 5.06917, 0, 2e-26, -5.78454e10
549.541, 17.3452, 4.95378, 0, 2e-26, -5.65287e10
562.341, 17.3452, 4.84102, 0, 2e-26, -5.52419e10
575.44, 17.3452, 4.73082, 0, 2e-26, -5.39844e10
588.844, 17.3452, 4.62314, 0, 2e-26, -5.27556e10
602.56, 17.3452, 4.5179, 0, 2e-26, -5.15547e10
616.595, 17.3452, 4.41506, 0, 2e-26, -5.03812e10
630.957, 17.3452, 4.31456, 0, 2e-26, -4.92344e10
645.654, 17.3452, 4.21635, 0, 2e-26, -4.81137e10
660.693, 17.3452, 4.12037, 0, 2e-26, -4.70185e10
676.083, 17.3452, 4.02658, 0, 2e-26, -4.59482e10
691.831, 17.3452, 3.93493, 0, 2e-26, -4.49023e10
707.946, 17.3452, 3.84536, 0, 2e-26, -4.38802e10
724.436, 17.3452, 3.75783, 0, 2e-26, -4.28814e10
741.31, 17.3452, 3.67229, 0, 2e-26, -4.19053e10
758.578, 17.3452, 3.5887, 0, 2e-26, -4.09514e10
776.247, 17.3452, 3.50701, 0, 2e-26, -4.00192e10
794.328, 17.3452, 3.42718, 0, 2e-26, -3.91083e10
812.831, 17.3452, 3.34917, 0, 2e-26, -3.82181e10
831.764, 17.3452, 3.27293, 0, 2e-26, -3.73481e10
851.138, 17.3452, 3.19843, 0, 2e-26, -3.6498e10
870.964, 17.3452, 3.12562, 0, 2e-26, -3.56672e10
891.251, 17.3452, 3.05448, 0, 2e-26, -3.48553e10
912.011, 17.3452, 2.98495, 0, 2e-26, -3.40619e10
933.254, 17.3452, 2.917, 0, 2e-26, -3.32865e10
954.993, 17.3452, 2.8506, 0, 2e-26, -3.25288e10
977.237, 17.3452, 2.78571, 0, 2e-26, -3.17884e10
